358
117 1
131 1
268 1
316 1
207 1
262 0
106 0
89 1
13 0
141 0
221 0
168 1
272 0
223 0
246 0
239 1
278 1
106 1
352 1
126 1
142 0
157 1
148 0
38 0
202 1
163 1
235 1
268 0
90 0
208 1
348 1
148 1
274 1
122 0
92 1
299 0
350 0
115 1
36 0
156 1
106 1
164 0
0 1
94 0
164 0
152 0
39 0
49 0
357 0
110 0
164 1
127 0
317 1
243 1
350 1
279 0
351 1
342 1
148 0
41 1
253 0
68 0
169 1
116 0
2 0
188 0
334 1
229 0
60 0
163 1
240 1
124 1
275 0
155 1
52 1
76 1
167 0
259 0
207 0
86 0
284 0
213 0
184 0
332 1
111 0
95 0
317 1
137 0
32 0
152 1
295 1
166 0
234 0
334 1
286 0
125 1
69 1
241 0
62 1
276 1
244 1
218 1
18 0
326 1
211 1
337 1
65 0
174 1
229 0
199 0
20 0
44 1
285 1
55 1
336 1
109 0
351 1
78 1
87 0
220 0
97 0
85 1
191 0
185 1
140 1
25 0
9 0
270 0
35 0
71 0
9 0
316 1
34 1
242 1
144 1
98 0
84 0
25 0
29 1
229 0
69 1
188 0
339 0
279 1
240 0
45 0
279 0
302 1
239 1
45 0
188 1
171 1
287 1
282 1
33 0
171 1
30 0
224 0
95 1
225 0
340 0
272 1
325 1
131 0
333 0
285 0
84 1
71 1
279 0
107 0
212 0
228 1
89 1
84 1
12 0
87 1
91 1
33 1
56 0
325 1
34 1
250 0
132 0
192 1
210 1
341 1
27 0
338 0
270 1
85 1
64 1
100 0
262 0
203 0
306 0
223 0
252 0
274 1
24 0
196 0
170 0
169 1
219 0
335 0
192 0
9 0
176 0
312 1
240 1
158 1
267 1
334 1
146 1
228 1
345 0
94 0
204 0
305 0
157 0
191 1
182 1
166 1
319 0
25 0
197 0
68 1
352 1
98 1
55 0
103 0
20 1
237 0
64 0
111 1
192 1
345 0
272 0
177 1
311 0
280 0
311 0
231 0
177 1
237 1
21 1
283 1
151 1
3 0
244 0
286 1
19 1
292 0
194 1
221 0
152 0
193 0
33 1
300 1
181 0
282 1
19 0
35 0
58 0
140 0
254 0
257 0
138 1
22 0
149 0
188 0
110 0
150 0
348 0
298 1
287 0
268 1
271 1
20 0
94 0
263 1
10 1
346 0
336 0
284 0
155 1
152 0
20 1
321 0
126 1
181 0
264 0
39 0
21 1
0 0
184 0
257 0
282 0
51 0
79 0
299 0
143 0
6 1
207 0
258 1
68 0
140 0
33 0
275 1
215 1
153 1
354 1
314 0
43 1
131 1
355 1
319 1
44 0
255 1
303 1
313 1
356 1
167 1
159 0
281 0
171 1
56 0
82 1
327 1
61 0
169 1
329 0
210 1
318 1
145 1
267 0
235 1
260 0
30 0
311 1
324 1
61 1
115 0
227 1
246 1
335 0
21 0
290 1
208 1
307 1
31 1
193 0
254 0
77 1
77 0
331 0
98 1
160 0
76 0
