1426
1128 0
575 1
55 1
782 0
1058 0
357 1
1361 0
1394 0
766 0
1301 0
1277 1
1202 0
1088 0
1279 1
1381 1
277 1
212 1
248 0
326 0
901 1
368 0
835 0
1134 1
191 0
1099 0
266 1
1300 1
1231 1
951 1
37 0
1201 1
1230 0
1379 0
1120 0
1071 1
1133 1
671 1
292 1
1249 0
868 1
1416 0
290 0
1275 0
1302 0
610 1
1271 1
257 1
11 0
455 0
1250 1
174 0
309 0
551 1
922 1
340 0
468 0
918 0
735 0
1086 1
793 0
44 0
1369 1
987 1
1245 1
1135 1
1302 1
253 1
601 1
691 1
379 1
1355 1
144 0
732 0
699 1
299 0
50 1
1293 0
1292 1
1303 1
290 0
982 0
1046 1
880 1
1125 1
45 1
290 0
197 0
1319 1
382 0
363 1
657 1
695 0
175 1
1147 1
301 0
874 0
770 0
906 0
425 1
150 0
295 1
268 0
1241 1
1396 0
348 0
1204 1
278 1
464 1
131 0
706 0
616 1
46 1
1331 1
612 0
524 1
227 0
1186 1
32 0
7 0
1280 1
1345 0
1344 1
1046 0
1042 0
752 0
1343 0
262 0
1150 1
1310 1
288 0
968 1
348 0
1021 1
1196 1
607 1
708 0
1031 0
33 0
282 1
883 1
900 1
1420 1
758 1
937 1
706 0
785 1
1039 1
173 1
1197 1
1026 1
1042 0
1120 0
593 1
206 1
451 1
1098 0
489 0
139 0
1140 1
860 1
721 1
599 1
996 1
703 1
24 0
1071 0
724 1
277 0
407 0
611 0
871 0
728 1
78 1
368 0
28 1
1198 0
656 1
1177 0
234 1
411 0
1182 1
1023 1
10 1
41 1
547 1
91 1
1126 0
1209 1
356 0
926 1
1038 1
46 1
29 0
1151 0
741 0
697 1
577 0
299 1
81 0
458 0
865 1
1027 1
469 0
643 0
547 1
1075 1
288 1
853 1
1266 1
515 0
1119 0
1047 1
428 1
1386 0
333 1
223 0
269 0
642 1
923 0
1364 1
1281 0
467 1
712 0
1408 1
418 1
456 1
1005 1
102 0
148 1
860 0
830 0
569 0
1037 0
397 0
128 0
1111 1
461 1
637 0
861 1
567 0
968 0
529 1
313 0
351 0
441 1
1163 1
165 1
586 0
828 0
285 1
1419 0
391 0
415 1
202 0
669 0
508 1
50 0
1353 1
754 0
952 0
90 1
1169 0
1405 0
135 1
16 1
633 1
510 0
1408 0
419 0
558 0
513 1
1078 0
792 0
92 1
1315 1
895 1
1227 1
1143 0
1324 1
456 1
156 1
1003 1
993 0
1127 1
915 0
375 0
1419 1
163 1
467 0
148 1
455 1
257 1
832 0
610 0
44 0
979 0
1083 0
1027 1
1259 1
219 0
687 0
216 0
749 1
328 1
1326 0
559 1
1225 1
843 0
874 0
428 0
174 0
477 1
765 1
396 1
1147 1
1332 0
633 1
1022 1
835 1
494 0
1097 0
698 1
1076 0
1401 1
848 0
1144 0
1359 1
923 1
792 1
35 0
1321 1
628 1
930 1
679 0
227 1
301 1
396 0
1226 1
1355 0
641 1
709 1
1093 1
1391 0
664 0
1394 0
1164 1
1043 0
65 0
65 1
1097 1
761 0
77 1
1282 0
579 0
1202 0
568 0
1159 1
79 1
736 1
1112 1
962 0
1063 0
135 0
1362 0
708 1
461 0
452 1
977 0
1370 1
262 0
1265 0
1423 1
1116 0
806 1
1057 0
1247 0
659 0
823 1
1389 1
1266 1
1309 1
996 0
380 0
168 0
1216 1
425 0
211 0
636 0
404 1
39 0
471 1
107 1
959 1
485 1
179 0
703 1
31 1
1306 0
1409 1
924 0
8 1
666 0
728 0
427 1
482 1
350 0
1226 0
537 0
901 1
723 1
322 0
414 0
1086 1
1274 1
1320 1
335 1
67 0
1343 0
217 0
877 1
849 0
1115 1
924 1
1102 1
896 1
341 1
940 1
802 1
363 1
626 0
134 1
350 1
322 0
1016 0
449 0
1417 1
1363 0
260 1
1150 1
776 0
1106 1
1352 1
1421 1
181 1
433 0
528 0
1163 1
619 0
1359 1
755 0
1112 1
1085 1
265 0
481 1
1013 0
1051 0
669 1
522 0
144 1
761 0
504 0
949 0
1298 1
1202 1
788 1
293 0
330 1
1057 1
995 1
548 0
87 0
1344 1
970 0
618 1
758 1
618 1
1310 1
436 0
826 0
963 0
991 1
740 1
978 0
1368 0
251 1
794 1
546 0
276 1
385 1
553 0
375 1
1423 1
918 0
605 1
469 1
612 0
1284 0
1237 1
714 1
663 1
662 0
1377 0
337 1
847 1
144 0
55 1
1057 1
203 0
781 0
1320 1
87 0
701 0
545 1
742 0
790 1
1396 0
1235 1
942 1
243 1
1274 0
373 1
1026 1
1241 1
858 0
849 1
866 0
1056 1
1163 1
354 0
997 1
1188 0
781 1
1349 0
1078 1
222 1
79 0
462 1
459 1
502 1
1307 0
1104 0
126 1
519 1
1074 0
1224 1
951 1
136 0
609 1
404 0
131 0
542 0
922 0
1421 1
809 1
654 0
1235 0
541 0
65 1
173 1
1247 0
930 1
367 0
694 0
873 1
1236 0
109 1
588 0
807 0
225 1
4 1
1378 0
276 0
1021 0
1064 0
6 1
1265 0
766 0
1092 1
435 1
1181 1
1387 1
549 1
1341 1
496 0
52 1
628 0
980 0
726 0
258 1
798 0
593 1
848 0
1361 1
902 1
195 1
193 1
278 0
1135 0
1179 1
1017 1
1355 0
960 0
692 1
323 0
88 0
598 0
975 0
62 0
689 0
1185 0
1037 1
828 0
1398 0
1421 0
568 1
925 0
1328 1
815 0
221 1
1386 0
1282 1
876 1
442 1
758 1
166 0
1221 0
454 1
741 1
1421 0
1423 1
1239 0
1350 0
164 0
589 1
656 0
358 1
1282 1
649 1
690 0
599 1
165 0
339 1
268 1
294 0
318 0
723 0
93 0
1266 1
434 1
1258 1
688 1
85 1
1026 0
1223 1
71 1
35 1
399 1
1156 0
833 0
441 1
77 0
811 0
962 0
184 1
995 0
619 0
534 1
918 1
940 1
452 1
672 1
1080 0
1226 0
1182 0
178 1
373 1
1400 1
148 0
302 1
701 0
900 1
1149 1
439 0
1308 1
168 0
1057 1
980 1
553 0
810 0
912 1
93 1
1297 1
488 0
936 0
438 1
39 1
1318 0
1128 1
978 0
755 1
420 1
687 0
619 1
512 1
1402 1
536 0
1016 0
417 1
612 1
438 0
29 0
925 1
909 0
74 0
1043 1
159 1
535 1
1424 1
574 1
481 0
547 0
1034 1
995 0
649 1
1135 0
395 1
419 0
513 0
876 1
1422 0
1003 0
102 1
870 1
1302 0
1184 0
782 0
711 0
822 0
396 1
198 0
649 0
555 1
966 0
1317 1
704 1
1142 0
1308 0
131 1
1039 0
718 1
883 1
429 1
30 1
572 1
193 0
257 1
40 1
530 1
919 1
390 0
1157 1
275 1
1418 0
401 0
854 0
199 0
817 0
974 1
623 1
1382 0
1393 0
360 0
958 0
703 0
605 1
993 1
1199 0
1036 1
160 0
408 0
106 1
1193 1
400 1
548 1
147 1
243 1
1330 1
419 1
1014 0
1422 0
1278 1
201 1
1108 0
639 0
255 0
1037 0
1059 1
1396 0
139 1
498 1
786 1
1333 1
1145 1
695 1
71 1
71 1
952 0
157 1
173 1
884 1
723 1
1139 1
114 1
859 0
1029 1
1222 0
998 1
897 0
1221 1
615 1
249 1
1380 1
1286 0
286 0
553 0
21 1
1422 1
1034 1
1318 0
1275 1
436 1
1382 1
546 1
1319 1
872 0
159 0
559 1
167 1
1283 1
311 1
547 0
1114 0
789 1
1344 0
845 0
364 1
381 1
179 1
1251 1
653 0
454 0
935 1
1379 0
508 0
53 1
368 1
1089 1
1061 0
833 0
297 0
1029 0
903 1
1138 0
1087 1
113 1
1000 1
338 0
590 1
563 0
190 1
240 1
932 1
1135 1
426 0
756 0
536 0
257 0
1368 0
5 1
423 0
136 0
265 0
409 0
1067 1
1378 1
313 0
125 0
1291 1
910 1
786 1
393 1
590 1
1144 0
901 0
494 0
66 1
1071 0
345 1
1305 0
16 1
1259 0
786 1
768 0
545 0
442 0
178 1
614 0
741 1
1398 0
29 1
737 1
1202 0
1385 0
388 0
252 1
911 1
1357 0
26 1
48 0
721 0
612 0
906 0
33 1
980 1
887 0
127 0
124 1
1233 1
648 1
1302 0
566 0
843 0
112 1
1273 0
1128 1
676 1
1378 1
722 1
553 1
874 0
716 0
971 0
544 1
230 1
409 1
5 1
1404 0
355 1
554 1
465 1
1356 1
272 0
20 0
225 1
443 1
1305 0
1100 1
609 1
1211 1
394 0
836 0
1102 1
911 0
1193 0
419 1
866 1
442 0
770 0
128 0
738 0
88 0
673 1
215 1
1252 1
552 1
461 1
801 0
14 1
1298 1
663 1
1104 1
631 0
733 0
528 1
430 1
1385 0
469 1
435 1
1107 0
477 1
1015 0
719 1
951 0
327 0
1343 0
30 1
84 0
703 0
698 0
392 0
528 0
1168 0
145 1
853 1
695 1
1063 0
1374 0
296 0
761 1
2 0
664 1
515 1
1045 1
621 1
1169 1
707 1
1399 1
74 0
183 1
955 0
467 1
1311 0
351 0
367 0
35 1
1335 0
406 1
820 1
1036 1
1037 0
972 1
786 0
925 0
1139 1
881 1
613 0
345 0
998 0
542 1
495 0
207 1
182 1
1055 0
1035 0
299 1
89 0
74 1
212 1
161 0
606 0
1242 1
1135 0
65 1
697 0
427 1
1123 1
1328 0
1069 1
898 0
177 0
972 0
1234 0
940 0
299 0
580 0
1008 1
304 0
3 1
335 0
382 0
795 0
957 1
137 0
510 0
988 0
993 1
1304 1
1062 0
596 0
179 1
392 0
9 0
187 0
848 1
969 1
408 1
1422 1
687 0
56 1
131 0
29 1
1130 0
634 0
1062 0
980 1
1308 1
247 0
315 1
68 0
384 0
436 0
811 0
1035 1
518 1
63 0
459 0
377 1
1129 0
593 1
1199 1
632 1
1297 0
1313 1
145 0
828 1
1116 1
269 1
1095 0
354 0
1126 0
799 1
1186 1
713 1
665 1
103 1
1007 1
1180 1
371 0
331 0
178 1
561 1
1298 0
1192 0
1297 0
1139 0
800 0
991 0
1300 1
93 1
833 1
1228 1
78 1
1122 0
1148 0
776 1
634 0
563 0
684 1
65 0
868 1
895 0
403 0
237 1
436 1
665 1
547 1
1186 1
478 0
1204 0
128 1
110 0
143 0
669 1
1396 0
625 1
1366 0
557 1
391 1
261 0
29 1
253 0
1343 0
1090 1
1206 0
715 0
318 1
680 0
1064 0
82 0
190 1
556 1
721 1
1006 1
484 0
406 1
1303 1
1363 1
772 0
403 0
583 1
746 1
37 1
115 0
304 0
1164 1
1106 0
169 1
876 1
690 0
825 0
141 1
1115 1
75 0
1139 1
613 0
822 0
401 1
769 1
337 1
1095 0
602 0
115 0
105 0
488 0
593 1
329 0
462 0
652 1
740 1
778 0
691 0
1069 1
546 0
1309 1
1174 0
1119 1
286 1
1267 1
668 0
689 0
117 1
294 0
165 1
1244 1
782 0
639 0
1307 1
316 0
232 0
873 0
271 0
719 0
1390 0
561 0
1006 0
1173 0
93 0
538 0
724 1
1017 0
508 1
523 1
349 1
240 1
504 0
1099 1
408 0
922 1
841 0
1061 1
954 1
427 1
1362 0
1170 1
907 0
805 0
425 0
1167 1
496 0
1249 0
816 1
795 1
27 0
908 0
40 0
931 0
487 0
606 1
1186 0
4 1
314 0
1197 0
1241 0
1199 1
281 1
298 1
1284 1
329 0
26 1
1307 0
84 0
1147 1
899 0
684 0
166 1
96 1
1045 1
674 0
1246 1
1309 0
507 1
1075 1
747 1
259 0
319 1
1188 0
1215 0
877 0
1014 0
1246 1
857 1
548 0
401 0
520 0
507 1
590 0
1002 0
127 0
926 0
464 1
1280 0
1180 0
159 1
449 1
1139 0
1260 1
17 0
1090 0
85 0
1034 1
380 1
877 1
1088 0
257 1
1203 0
310 0
50 1
1265 0
158 1
98 1
569 1
750 0
982 1
1036 1
391 0
906 0
1372 0
278 0
973 0
960 1
778 1
647 0
1363 1
1039 1
85 1
26 0
30 1
69 1
102 1
851 0
632 0
1074 0
1158 0
1357 0
368 1
1203 0
266 1
1362 1
504 0
537 0
165 0
918 1
352 1
150 0
1238 0
850 0
748 0
406 1
1363 0
445 1
1424 1
945 0
1150 1
1010 0
303 0
73 1
100 0
900 0
1174 1
817 1
75 0
151 1
877 1
1042 1
716 0
319 1
1239 0
168 0
284 0
613 1
452 0
896 0
600 1
1074 1
888 1
646 1
1137 0
1416 1
148 1
1246 0
1122 0
485 1
588 1
621 0
1260 0
248 0
673 1
601 0
230 0
496 0
252 0
924 1
733 1
102 1
172 1
1263 1
