1425
360 1
845 1
335 1
295 1
589 0
1262 0
474 0
266 0
229 1
700 1
385 0
1015 1
770 0
686 0
758 0
84 1
270 0
282 0
692 0
239 1
1032 0
855 1
348 1
1360 0
153 0
371 1
480 0
1018 1
230 1
186 0
1139 0
1255 1
577 0
155 0
42 1
728 0
317 1
1207 1
1374 0
1165 1
411 1
301 1
884 0
1099 0
1234 1
1389 1
5 0
527 1
13 1
418 1
640 0
398 1
827 1
165 0
184 1
837 0
238 0
1108 1
1270 0
1036 0
748 1
393 0
866 0
23 1
366 0
1159 0
1367 1
187 1
190 0
1400 0
1249 0
943 1
341 0
893 1
577 1
435 1
668 0
8 0
1130 0
1075 1
169 0
1162 1
1263 0
1135 0
434 1
599 1
290 1
153 0
554 0
799 1
718 1
1131 0
1215 0
718 1
22 1
100 1
1254 1
813 0
135 0
458 0
595 1
1201 0
42 0
739 0
1281 1
1264 1
674 1
837 0
601 0
1145 1
1249 0
1144 1
1401 1
1133 0
1160 1
1412 0
910 0
1376 0
447 0
852 1
18 1
798 1
209 0
696 1
621 1
853 1
1309 1
903 0
1306 1
1219 0
122 1
755 1
571 0
1035 1
1021 1
286 0
292 0
1382 0
1248 0
185 0
432 1
1337 1
1345 0
450 0
330 0
760 0
627 1
234 1
994 0
265 0
1079 0
358 0
222 0
528 0
712 1
1422 1
677 0
619 0
354 0
470 0
388 0
774 0
731 0
1074 0
987 1
1304 1
216 0
472 1
518 0
1164 0
365 0
1082 0
110 0
60 1
584 0
385 0
426 1
827 1
1141 0
355 0
996 1
1372 0
8 1
46 1
50 1
924 1
1303 0
365 0
724 0
845 1
1205 0
428 0
640 0
622 0
901 0
670 0
443 0
252 0
300 1
586 1
940 1
533 1
808 1
1390 0
366 1
806 1
453 0
533 0
529 1
954 1
229 1
1172 1
1071 1
869 0
904 1
564 0
416 0
842 0
697 1
1207 1
1284 1
478 0
249 0
29 0
712 0
1379 0
783 1
752 0
89 1
529 1
2 1
1379 0
427 1
670 0
46 1
665 0
1086 1
1412 1
99 0
1269 0
569 1
437 0
325 0
580 1
1378 0
755 1
171 1
200 1
1377 1
154 0
1304 0
419 0
1380 0
740 0
1275 0
525 1
1368 0
352 0
1266 0
1216 0
578 0
186 0
870 1
401 0
30 0
122 1
912 0
1281 0
376 0
1406 1
1278 1
1238 1
79 1
1130 0
540 0
1367 0
337 0
504 0
1171 1
68 0
155 1
1275 1
1297 1
118 0
1136 1
714 1
40 1
424 1
1402 1
667 0
1153 1
457 1
585 1
856 0
152 1
1092 1
1017 0
19 1
337 0
210 1
1164 1
909 1
1093 0
517 1
1297 0
150 1
1174 1
1073 0
1231 1
411 1
641 0
481 1
354 1
7 0
283 0
1355 1
1187 1
289 1
987 1
112 1
980 1
573 0
744 1
161 0
118 0
682 1
859 0
1152 1
1193 0
848 0
1234 1
404 0
549 0
1339 1
729 1
908 0
210 1
20 0
472 1
762 1
1097 1
1174 1
126 0
1336 0
169 1
1287 1
1084 1
852 1
633 0
417 0
1266 0
824 1
1005 0
1032 0
1409 1
743 1
429 1
980 1
1059 1
168 0
1078 0
1317 0
32 1
37 1
1192 0
270 0
1026 0
564 1
461 0
219 1
995 1
30 1
383 0
96 1
1357 1
200 1
969 0
430 1
789 1
1230 0
443 1
336 0
468 0
1000 0
1294 0
1309 0
181 1
1400 1
660 0
1387 0
1198 0
630 0
1022 1
81 0
366 0
1248 0
1349 1
1296 1
668 1
43 0
887 1
600 1
701 1
1394 1
666 0
381 1
1189 0
610 0
1347 1
1240 1
931 1
39 0
1322 0
282 1
469 1
808 1
561 1
844 1
1325 0
1283 1
1256 1
883 1
1349 0
333 1
500 1
1078 0
512 1
1260 1
598 0
1357 0
268 0
394 0
641 0
792 0
1279 0
1196 1
807 1
550 0
700 1
234 1
532 0
121 1
0 1
781 1
1391 0
964 1
1053 1
959 0
726 1
947 0
1138 1
1213 1
493 0
1181 0
543 0
520 1
921 0
732 1
1234 0
947 1
124 1
322 1
1065 1
246 1
249 0
173 0
144 0
217 0
1024 1
1391 1
1145 1
53 0
732 0
1420 0
1418 1
266 1
884 1
280 0
954 0
640 0
1318 1
992 1
65 0
341 0
949 1
795 0
851 0
42 0
709 0
692 1
1329 0
340 1
653 1
346 0
720 1
236 0
828 0
1084 1
221 1
1005 0
868 0
588 0
230 0
977 1
1256 0
888 1
364 1
746 0
1142 0
191 0
206 0
1130 1
245 1
660 0
687 0
36 1
905 0
171 1
547 1
786 0
998 1
787 0
1236 1
1310 1
223 0
693 0
762 1
1177 1
1294 0
1132 1
1418 0
1373 1
620 0
782 0
564 0
526 0
697 0
850 0
720 1
1331 1
84 1
290 1
189 1
1166 0
12 0
565 1
438 1
517 0
1087 1
1413 1
280 0
154 1
384 0
1310 1
111 1
1346 1
898 1
527 0
1205 1
1341 1
370 0
653 0
1151 1
1189 1
787 1
513 0
1296 1
94 1
59 0
735 0
383 1
968 0
1328 1
55 0
1323 1
984 1
1010 0
374 0
762 0
743 0
812 0
162 0
669 1
785 1
1054 1
179 0
331 0
454 1
979 0
185 0
970 1
869 0
841 0
444 0
1143 1
1029 0
559 1
1324 0
623 0
591 0
897 0
1330 1
254 1
652 0
889 0
422 1
1185 0
172 1
301 1
919 1
1005 1
829 0
1156 1
191 1
796 1
718 0
345 1
736 0
176 0
255 0
1153 0
1030 0
646 1
698 1
942 1
491 1
67 0
88 1
594 0
948 1
992 1
627 1
49 1
618 0
943 1
395 1
399 1
625 1
336 0
574 0
795 1
755 0
335 1
114 0
356 0
1173 0
1178 1
686 0
257 0
1117 1
1242 1
606 1
700 1
1178 0
801 1
409 0
1058 0
10 1
1060 0
82 0
388 0
1053 0
24 1
1293 0
505 0
891 1
946 0
1313 1
600 0
635 0
617 0
1278 1
939 0
438 1
778 1
906 0
1199 1
2 0
1262 1
841 1
1378 0
1222 0
594 1
224 0
347 0
1378 0
634 1
261 0
770 1
1384 0
365 0
465 0
242 1
1350 1
764 0
1383 1
647 1
405 1
1223 1
143 0
1311 0
1270 0
634 0
578 0
106 0
982 0
747 1
708 0
937 0
24 1
832 0
986 1
501 1
1197 1
1250 0
627 1
314 1
513 0
400 0
873 1
1156 1
625 0
357 0
1333 1
769 1
331 1
140 0
172 0
951 1
190 1
1065 0
230 0
403 1
1316 1
255 1
1233 0
247 1
204 1
1410 0
1265 1
588 1
440 1
259 0
881 0
1317 1
1384 1
521 0
1413 0
873 1
505 1
3 1
455 1
365 1
1180 1
1187 1
1203 1
697 0
189 1
1203 1
1195 1
1033 1
197 1
934 1
1217 1
539 0
364 1
1150 1
1420 0
689 0
1293 0
1145 1
451 0
1218 0
693 0
1247 0
755 0
1165 0
1078 0
946 1
1383 0
1341 0
103 0
863 0
169 1
756 1
807 1
294 1
424 0
334 0
1228 1
727 0
176 0
879 1
589 0
753 0
804 1
1048 1
690 0
1088 0
88 0
814 1
884 1
1254 0
671 1
1071 1
314 1
872 0
1242 1
829 1
473 0
742 1
991 0
1244 0
891 1
823 1
385 1
482 1
232 0
689 0
1136 1
885 1
838 0
1063 1
348 1
783 0
399 0
1129 1
229 0
1383 1
1239 0
1280 0
950 1
734 1
1333 1
1299 0
552 1
376 0
109 0
678 1
653 1
1038 0
1016 0
675 0
806 0
1154 0
1263 0
435 0
894 0
363 1
1255 0
1350 1
637 0
491 1
1348 1
897 1
199 1
882 1
678 0
600 0
484 1
804 1
1335 1
773 1
1208 1
812 0
900 1
527 1
849 1
1026 1
616 0
922 0
43 0
1084 0
1404 0
585 0
23 1
1114 0
652 1
714 1
241 0
801 0
115 1
1378 0
180 0
372 0
392 0
57 0
183 1
1149 0
168 0
1026 1
492 0
310 1
888 1
1079 1
762 1
847 0
497 1
1026 0
786 1
922 0
994 1
236 1
249 0
847 1
604 1
321 1
1289 0
1386 1
601 1
436 0
175 0
839 1
739 1
1320 0
1263 1
1398 0
1131 0
1148 0
1330 1
1124 1
1163 1
784 0
1290 0
1157 0
284 0
330 0
995 1
497 1
294 1
571 1
928 0
663 1
870 1
234 1
847 1
155 1
1234 1
599 1
348 1
551 1
62 1
1167 0
1003 0
230 0
1237 0
478 1
304 1
97 1
600 0
632 0
564 1
181 0
241 0
249 0
1162 1
382 0
556 1
973 0
698 0
144 1
459 1
767 1
952 1
461 0
796 0
1101 1
725 1
883 0
852 0
657 0
1236 0
1100 1
1074 1
1293 0
281 1
1038 1
1378 0
1276 1
659 0
350 1
832 0
497 0
150 1
244 0
81 1
1111 0
13 1
235 0
1234 0
1335 1
924 0
843 0
999 1
911 1
347 0
1040 1
753 1
48 1
1099 0
1064 0
622 1
537 0
985 1
1099 1
90 1
69 0
1242 1
1174 0
1348 1
853 1
1030 0
568 0
366 1
43 1
385 1
514 0
704 1
473 0
773 0
229 0
1104 0
1263 1
1104 0
98 0
1079 1
1224 1
899 0
316 0
1118 0
876 0
1421 1
584 0
634 0
544 0
98 1
634 0
323 1
897 0
894 1
1109 0
770 1
52 1
766 0
1102 0
1079 0
147 1
331 1
86 0
1287 0
1326 0
280 0
848 1
360 1
1380 0
1257 0
182 0
734 1
1197 0
1061 0
1375 1
700 0
1206 1
1244 0
791 0
1024 0
241 0
540 1
1318 0
627 1
1247 0
670 1
1377 0
1049 0
632 0
654 0
384 1
1000 1
1341 0
926 1
495 1
898 1
443 0
1163 1
1423 1
171 1
1134 0
84 1
127 0
930 1
110 1
695 0
768 0
1198 1
527 0
972 0
1001 1
1260 1
345 1
854 1
199 0
183 1
1367 0
107 0
1088 0
1226 1
1208 0
1383 1
522 1
263 1
1284 0
1357 1
655 0
88 0
1328 0
96 1
83 1
798 0
845 0
212 0
355 1
728 1
197 0
1254 1
1091 1
1240 1
851 0
1144 1
1343 1
1095 1
1259 1
985 1
1104 0
240 0
881 0
415 0
893 1
252 0
34 1
1094 1
1035 0
1106 1
518 0
523 1
396 1
270 0
462 0
851 1
1220 1
1058 0
1175 0
565 1
659 1
1116 1
184 0
70 0
373 0
17 0
1035 0
1289 1
711 0
932 1
716 0
72 1
1184 1
559 1
959 1
1195 1
506 0
1186 0
1414 0
794 0
748 0
725 1
94 0
995 1
220 1
585 0
957 0
478 1
702 0
483 1
359 1
728 1
875 0
589 1
69 0
592 1
326 1
128 1
1230 0
1312 0
1160 0
777 1
1146 0
1049 0
1258 1
853 0
114 0
1223 0
577 1
1337 1
2 1
993 0
793 1
604 0
762 1
1150 1
843 1
454 0
53 0
157 0
307 0
804 1
75 1
1233 0
263 0
579 1
827 0
196 0
1272 0
806 0
343 1
1330 0
260 1
1378 0
861 1
793 1
140 1
652 1
239 1
787 1
444 0
1200 1
415 1
963 1
1308 1
1104 1
771 1
1217 1
1149 1
1024 1
268 1
687 0
667 0
618 0
800 0
1001 1
1113 1
725 0
1343 1
437 1
1183 1
714 0
407 0
992 1
260 1
470 0
880 1
795 0
168 1
395 0
21 0
1179 1
708 1
382 0
176 0
1131 0
1306 0
706 0
877 0
588 1
1075 1
104 0
160 0
222 1
995 0
1014 0
638 0
1248 0
1172 1
11 1
253 1
528 1
1361 1
940 1
312 1
417 1
214 1
415 1
830 0
1405 1
831 0
471 0
34 1
245 0
403 1
582 0
1132 0
675 1
31 0
240 0
208 0
1422 1
1028 1
471 1
970 1
846 1
1077 1
941 0
526 1
1259 0
279 1
585 0
893 1
1411 1
154 1
1314 1
261 1
1356 0
10 1
612 0
842 0
479 0
34 0
9 0
816 0
600 1
627 1
746 1
629 0
893 1
1339 1
895 0
774 0
1054 1
489 0
355 1
265 0
864 0
295 1
1033 0
413 1
898 1
90 1
1182 1
96 1
8 1
561 1
832 0
821 1
1207 0
1196 0
463 1
391 1
350 0
920 0
253 0
200 1
83 0
1042 1
1269 1
525 0
953 0
334 1
1038 0
432 0
1210 1
503 1
814 0
458 1
1335 0
141 1
761 1
602 0
70 0
778 0
362 0
1405 0
417 0
907 1
978 1
708 1
1265 1
1247 0
1418 1
525 1
1207 0
544 0
537 0
600 1
1260 0
874 1
926 0
1065 1
524 0
944 0
1187 1
1228 1
1006 1
1132 0
1019 1
1209 0
222 1
117 1
29 1
167 0
906 1
663 0
882 1
1116 1
18 1
1124 1
1363 0
469 0
1220 1
1254 1
1143 0
995 0
258 0
1101 1
847 0
1377 1
591 1
995 1
