1425
1215 1
411 1
1044 1
1327 1
168 1
222 0
1249 0
476 0
259 1
1040 1
352 0
427 1
898 0
673 1
603 0
484 1
532 0
317 1
1127 0
1062 0
135 1
923 0
940 0
914 1
110 1
26 0
1051 1
666 0
1290 1
209 0
71 1
162 1
141 0
1178 1
423 0
1154 1
793 0
518 0
539 0
792 0
264 0
288 0
709 0
1147 1
182 1
548 1
186 1
138 0
754 1
42 0
1198 0
1391 0
481 1
72 0
450 0
636 0
343 0
1362 0
432 1
630 1
504 0
652 1
1346 1
1023 1
427 0
1101 0
900 1
1118 1
119 1
446 0
510 1
1271 1
693 1
405 0
508 0
1193 1
277 1
689 0
521 0
306 1
950 0
1282 1
950 1
480 1
144 0
1045 0
231 0
1068 1
1064 0
253 0
210 1
430 1
475 1
161 0
1069 0
130 0
198 1
1379 0
1008 0
290 0
26 1
628 1
948 1
1301 1
1326 1
760 0
900 1
811 1
1213 0
739 0
9 1
276 0
217 1
823 0
673 1
678 1
1158 0
364 1
1098 1
215 1
1144 0
892 0
974 0
867 1
444 0
778 0
287 1
674 1
716 1
620 1
833 0
524 1
85 1
573 0
1253 0
163 1
988 1
470 0
735 0
1399 1
296 0
516 0
461 1
452 0
293 0
156 1
317 1
1140 0
108 0
953 1
614 0
1396 1
1064 0
933 1
975 0
799 1
66 1
1032 0
184 0
1039 0
1071 0
716 1
1376 0
581 0
636 1
252 1
519 0
363 1
1095 1
838 1
587 1
104 0
1268 1
806 0
198 0
449 1
1404 1
1173 0
891 1
286 1
1163 0
1253 0
1077 1
1085 1
1027 1
775 1
862 1
624 0
706 0
1114 0
1419 0
1221 0
796 0
478 0
678 0
854 0
621 0
1257 1
280 1
934 0
462 0
729 1
1365 1
1186 1
445 1
499 1
438 1
490 1
10 0
71 1
1229 0
1322 0
896 1
1164 0
632 0
169 1
554 1
561 1
778 1
902 0
1269 1
345 0
1212 1
797 0
74 1
396 0
425 0
338 0
882 0
1325 1
416 1
437 0
316 1
820 1
801 1
655 0
1333 0
1321 1
736 0
317 1
1408 0
1198 0
552 0
704 0
575 1
746 1
419 1
300 1
821 0
1064 1
528 0
316 1
512 0
1353 0
903 1
503 0
434 1
1154 1
1235 0
612 0
164 0
1316 1
255 0
352 1
925 0
9 1
723 1
383 1
148 0
1013 0
1302 0
494 1
58 0
426 1
944 1
375 1
893 1
1284 1
310 0
418 1
917 0
1145 0
384 1
482 1
1192 1
697 1
51 1
952 1
102 0
409 1
751 1
553 1
997 0
1351 1
986 0
975 1
609 0
99 0
1385 0
486 0
587 1
92 0
1112 0
1181 0
949 0
743 0
1068 1
1247 1
1298 1
372 1
690 1
241 1
135 0
1150 0
981 0
1213 0
586 0
292 0
730 1
1095 0
1424 0
621 0
1323 0
265 1
1275 1
1358 1
722 1
203 0
847 0
116 0
709 1
480 1
871 1
298 1
650 0
640 0
383 0
1386 1
489 0
713 1
1079 0
730 1
582 0
1012 0
381 0
1401 0
590 0
450 0
885 1
1252 1
477 0
1266 1
1003 0
1333 0
1209 1
1153 1
388 0
797 0
298 1
405 0
93 0
934 0
1112 0
953 0
527 0
328 1
607 1
809 1
1026 0
1147 0
1327 0
212 1
1103 0
529 0
1309 1
763 1
1268 1
974 0
1351 1
302 1
1223 0
887 1
1257 0
1324 1
529 0
469 1
760 0
909 1
941 1
703 1
668 0
91 1
1264 1
217 0
786 1
2 1
694 0
725 1
506 1
1217 1
410 1
178 1
1372 1
665 0
44 1
1306 0
1210 0
479 0
376 1
1355 1
1207 1
985 1
898 0
842 1
1064 0
28 1
422 1
134 1
176 1
1293 0
803 1
808 0
235 0
1396 1
1387 0
208 1
223 0
982 0
455 1
136 1
976 1
871 1
206 0
1096 0
903 1
502 0
773 0
25 1
925 1
175 1
1280 0
1027 1
856 0
1003 0
1085 0
1372 1
555 0
855 1
324 1
1285 0
491 1
975 1
1364 0
1397 1
1131 1
1245 0
929 1
504 1
731 0
1049 0
618 1
144 0
282 1
56 1
944 1
655 1
923 1
1334 1
349 1
1074 1
57 0
1270 0
1108 0
627 1
1380 0
1067 0
997 0
1150 0
1021 1
1373 0
448 0
292 0
14 1
152 0
1292 1
1120 0
984 1
486 0
533 1
1024 1
1325 0
42 0
1146 1
165 0
952 0
1244 0
92 0
738 0
340 1
1403 0
1236 1
560 0
665 1
646 1
118 1
889 1
857 0
797 1
608 0
546 1
1324 1
1295 1
1139 0
47 1
213 1
812 0
856 0
152 0
1186 0
685 1
907 1
638 1
1145 0
357 0
699 1
771 1
908 1
1255 0
45 1
509 1
298 0
457 1
1238 0
447 0
760 0
445 0
428 0
111 0
362 0
1039 1
893 0
447 0
36 0
486 0
1319 1
509 1
1226 1
413 0
1369 0
587 0
846 0
179 1
766 1
664 0
327 1
320 0
1088 0
477 1
556 0
86 1
599 1
826 0
337 0
486 1
1317 0
739 0
186 1
982 0
977 1
589 0
894 1
1040 0
815 0
1270 1
951 1
784 0
981 1
757 0
84 1
271 0
124 0
847 0
848 1
897 0
1401 0
314 0
37 0
246 0
243 0
244 0
862 0
1180 0
1383 1
293 1
1275 1
438 0
308 0
1323 0
706 0
1338 0
500 1
135 0
467 1
606 0
65 0
732 0
873 0
759 1
404 0
104 0
627 0
1328 1
568 0
1009 1
802 1
384 1
356 1
600 1
36 1
1216 0
591 1
887 0
630 1
202 1
537 1
607 0
346 1
975 0
532 0
672 1
643 1
64 0
771 0
748 0
827 0
874 1
1154 0
66 0
51 0
579 0
1058 0
1035 1
13 1
1199 1
893 1
593 0
140 0
707 0
598 0
916 0
1293 1
226 0
559 1
158 0
1310 0
63 1
968 1
1131 1
691 0
886 1
310 1
535 1
1315 0
529 0
352 0
585 1
131 0
605 0
217 0
976 0
428 1
1399 1
1121 1
393 1
1388 0
1300 1
156 1
1390 1
726 0
878 0
520 1
520 1
393 1
955 0
1211 0
169 0
454 1
391 0
229 1
871 0
554 0
1333 0
413 1
909 0
789 1
437 0
983 1
642 0
865 0
1077 1
719 0
1143 0
792 0
872 1
39 0
725 0
467 1
729 1
1211 1
1113 0
650 1
1305 1
504 0
525 1
1305 1
1158 0
233 0
789 1
829 1
382 0
1358 1
1407 1
202 1
823 1
572 1
267 0
982 1
721 0
53 0
549 1
1399 0
101 1
1380 0
157 1
1291 1
1406 1
386 1
322 0
50 0
942 0
1218 1
844 1
728 1
1209 1
1314 0
733 0
1205 0
1364 1
822 1
1382 1
226 0
628 1
378 1
801 0
1246 1
368 1
528 1
267 1
91 1
1378 0
1112 1
976 1
643 1
1421 0
1028 0
242 0
1392 1
107 1
1297 1
758 1
1217 0
899 1
625 0
1057 1
1317 0
898 0
1403 0
1257 1
23 1
315 0
404 1
1214 0
916 1
1058 0
688 0
213 1
213 1
611 0
1187 0
977 1
1060 1
1236 1
1331 1
425 0
84 1
366 0
1124 0
1388 1
184 0
824 0
1265 0
1125 1
31 0
897 0
97 1
594 1
1221 0
1087 0
738 0
1266 0
699 0
597 1
610 0
1037 0
1338 0
1061 1
1363 1
1129 0
1064 1
1377 0
120 0
66 0
435 1
915 0
700 0
1093 1
1176 0
910 1
245 1
33 0
857 0
642 1
592 0
1076 0
1123 0
690 0
1143 0
127 1
657 1
511 1
547 1
66 0
36 0
317 0
168 0
190 1
188 0
704 1
752 0
341 1
661 0
69 0
516 1
1092 1
423 1
1156 1
320 0
989 0
263 0
764 1
302 0
233 1
10 0
960 0
673 1
770 0
1423 0
57 0
314 0
100 0
1294 1
480 1
13 0
757 1
931 0
405 1
133 1
164 0
1410 0
199 0
20 1
0 0
329 0
82 0
391 0
1069 0
1417 1
740 0
717 1
1040 0
1246 1
748 0
66 1
848 1
859 0
1351 0
202 1
1358 1
1142 0
164 0
1271 1
774 1
1095 0
493 0
670 1
892 0
263 0
1096 0
140 1
1209 1
1025 0
275 0
776 0
296 1
366 1
299 1
94 1
1003 0
298 1
1238 1
1023 0
461 1
526 0
790 0
1405 0
413 1
1337 1
1349 0
230 0
801 1
927 1
171 1
214 0
1278 0
1173 0
649 0
1186 1
1348 1
39 1
589 1
55 0
1369 1
217 1
1257 0
1413 0
1033 0
335 1
1355 1
1221 1
940 1
718 1
1052 0
1140 1
968 0
115 1
861 1
1408 1
694 1
76 1
200 0
647 0
235 0
894 0
543 0
978 1
543 1
806 1
430 1
1353 1
91 1
584 0
829 0
768 0
1057 0
1009 1
374 0
156 0
1423 1
1211 0
1286 0
792 0
305 1
917 1
610 1
849 1
1066 1
705 1
697 1
665 0
751 0
844 1
388 1
774 1
1117 0
1107 1
264 1
1049 1
12 0
973 1
1103 1
898 1
103 0
517 1
909 1
74 1
1057 0
982 1
1142 1
1265 0
497 0
794 0
248 1
1365 0
529 0
1008 1
1229 1
1040 0
114 1
632 0
935 0
859 1
1114 1
143 1
884 0
908 1
1366 1
355 0
849 1
291 1
25 0
800 0
1088 0
439 0
1414 1
708 0
113 1
385 1
770 1
547 1
234 1
1238 0
542 1
629 1
167 0
1346 0
548 0
1332 1
1016 1
1291 0
564 0
1033 0
568 0
227 0
522 0
700 0
1010 1
683 1
525 1
592 1
1336 0
747 1
101 0
348 0
1219 0
1267 1
597 0
446 1
1135 1
174 0
1290 1
902 0
1115 0
381 0
74 0
1021 1
1202 0
1206 0
1417 1
20 1
1035 1
986 1
1367 1
799 1
645 1
415 1
432 0
9 0
921 1
1095 1
22 0
780 1
423 1
184 0
115 0
1275 1
704 0
1384 0
737 0
1107 1
42 1
1278 0
162 0
1382 0
187 0
1267 1
816 1
887 1
260 1
283 1
620 0
966 1
211 1
62 0
368 0
917 1
895 1
1125 0
1070 0
688 0
1299 1
1125 0
1149 0
872 1
632 0
1080 0
231 0
593 1
27 0
1358 0
875 1
667 1
18 1
563 1
877 1
158 0
662 0
46 0
1185 1
1411 1
705 1
838 1
252 1
979 1
149 1
1167 1
1375 0
344 1
269 0
979 1
250 0
393 0
297 1
280 0
992 1
54 1
529 0
327 0
672 0
538 0
1063 1
281 0
1350 0
946 1
651 1
905 1
1012 0
1366 0
328 0
1382 1
135 1
879 0
745 1
526 0
1223 1
33 1
531 1
730 1
78 1
1360 1
635 0
396 0
1106 0
1378 1
341 0
1296 1
1224 1
1275 1
1002 0
909 0
468 1
630 1
880 1
1075 0
832 1
480 0
1040 1
1306 0
397 0
458 1
517 1
150 0
1138 1
1159 0
557 1
307 1
1203 0
1005 1
842 1
740 0
945 0
634 0
658 1
900 1
787 0
462 1
1350 1
584 1
403 0
267 1
1381 0
1045 1
1378 0
418 0
332 0
362 1
1107 1
1135 1
1180 1
348 0
483 1
720 0
1197 1
15 1
1052 1
1232 1
429 0
518 0
631 0
935 1
1418 0
900 0
551 1
914 0
1258 0
989 1
611 1
954 0
1044 0
101 0
1410 0
122 0
368 1
66 0
1033 1
440 0
823 0
1132 0
765 0
86 0
127 1
508 1
1162 1
402 1
279 0
959 0
744 1
496 1
290 0
53 0
1103 1
1209 1
1283 1
152 1
734 1
977 1
417 1
1143 1
371 0
19 1
963 0
1353 0
308 1
64 1
783 0
361 1
1203 1
170 1
117 1
460 1
1138 1
649 0
326 1
1421 1
628 0
477 1
785 1
878 1
324 1
539 0
358 1
1263 1
1162 1
31 1
439 0
755 0
516 0
747 1
146 1
179 1
1418 1
240 0
465 1
657 1
935 1
623 0
1225 1
784 1
1263 1
1063 1
1168 1
853 1
380 0
1289 0
335 0
73 0
551 0
918 0
258 0
817 1
394 1
979 0
742 0
388 0
1304 0
983 0
547 1
661 1
387 1
1197 1
1183 0
4 1
510 1
1139 0
674 0
626 1
1360 0
358 1
1111 1
1154 0
582 1
286 0
1421 0
1181 1
575 0
990 0
886 1
856 1
625 0
1290 1
981 0
745 1
345 1
1337 1
486 1
1023 1
768 0
944 1
870 0
1006 1
1068 0
215 1
200 0
1311 1
428 1
838 1
122 1
187 0
1119 0
862 0
1372 1
37 1
801 1
656 0
1298 0
650 1
1056 1
609 1
1149 0
1037 0
953 0
783 0
1301 1
187 1
799 1
705 1
1066 1
1317 1
1075 0
551 0
836 1
1199 0
1328 0
280 0
176 1
697 1
745 1
1147 0
507 1
793 0
673 1
1233 0
788 1
635 0
60 1
132 1
685 1
449 0
1238 0
631 0
1173 1
176 0
1006 1
896 0
143 1
1084 1
