2168
973 1
297 0
1431 0
1938 1
2012 1
1149 1
1991 0
1086 1
1551 1
7 1
710 0
44 1
515 1
669 1
2160 1
1367 0
100 1
1139 1
457 0
1694 0
255 1
1912 1
112 0
2109 1
914 1
1639 0
840 0
1329 0
2017 0
357 1
1599 1
1872 1
2098 1
937 1
1627 0
85 0
1065 1
766 1
191 1
511 0
908 0
1346 1
2009 1
538 1
391 0
145 0
1175 1
1339 1
1655 0
1041 0
108 0
536 0
1042 1
895 1
886 1
724 1
1061 1
720 1
1770 1
1646 1
1116 1
1624 1
1117 0
906 1
876 1
1485 1
1292 1
486 0
1019 1
1620 1
212 0
997 1
309 1
873 0
1698 1
1030 1
1232 1
2003 1
1163 0
1589 1
2152 0
588 1
1547 1
871 0
571 0
52 1
2161 1
537 1
717 1
358 0
1761 0
1320 1
1627 1
480 1
231 1
1146 1
227 0
863 0
498 1
827 0
1122 0
855 1
1222 1
984 1
276 1
478 0
1271 0
1990 1
934 0
1665 0
124 1
1755 1
1606 1
1476 0
240 0
1610 0
216 0
1557 1
1913 0
1946 1
1386 1
1281 1
293 1
135 0
416 0
1109 0
271 1
1903 1
464 1
453 0
1725 0
1093 0
1790 0
1959 0
380 0
1280 0
1223 0
1272 1
1489 0
892 1
1993 1
1908 0
1666 0
1598 1
1121 1
777 0
714 1
347 1
795 0
188 0
631 0
2121 1
2140 0
1305 1
909 0
355 0
1818 0
159 1
243 0
296 0
1721 0
1289 1
173 0
2092 1
1551 1
1148 1
2016 1
1173 0
264 0
702 0
793 1
806 1
537 1
1556 1
356 0
766 0
1169 0
291 0
992 1
849 1
1826 0
1704 0
1665 1
92 1
195 0
1119 0
1811 0
620 1
976 1
1686 0
1101 1
1455 1
1079 1
1329 1
2 0
2041 1
325 0
1854 0
497 0
2111 1
253 0
1146 1
525 1
118 1
1183 1
1018 1
2132 1
1307 0
13 0
1802 0
892 1
1164 0
1398 1
1696 1
1904 1
764 0
975 0
1705 1
1550 0
322 1
1652 0
1337 0
811 0
1371 0
1955 0
1534 0
164 0
1338 1
1664 1
853 1
1358 1
1301 1
792 0
83 1
1918 1
114 1
841 1
948 0
1665 0
53 1
711 1
1726 0
2124 1
1011 1
760 0
182 1
652 0
938 1
1096 0
1816 0
94 0
645 1
733 1
1682 0
1183 0
1491 0
2059 1
945 1
1156 1
1424 1
215 1
9 0
681 0
1537 0
1543 1
1849 0
1693 1
748 1
1432 1
107 1
171 1
1508 1
1054 1
919 0
346 0
208 0
478 1
1760 0
349 0
1156 0
1270 1
332 0
1443 1
2005 1
42 1
1440 0
1263 1
425 0
1144 0
1000 0
1112 1
1963 0
780 0
266 0
1417 1
58 0
1244 1
1339 0
2088 0
1402 1
2092 1
472 0
1586 1
32 0
1474 0
613 0
1509 1
1266 0
922 1
976 0
1244 1
1836 1
769 0
1837 0
565 0
930 0
13 0
331 0
1285 0
1467 0
306 0
1061 0
1721 0
1604 1
1502 0
1273 0
2094 0
776 1
1182 0
43 0
1761 0
1598 1
1405 1
249 0
1966 0
1322 1
1906 0
1112 0
620 0
985 1
1890 1
804 1
1511 1
40 0
625 1
1316 0
1764 1
1516 0
85 0
1659 0
831 1
755 1
1882 0
550 1
159 0
1385 0
125 1
1764 0
335 1
1419 1
1556 1
184 0
814 1
14 1
1883 1
199 1
807 1
1160 0
2104 1
1472 0
929 1
652 0
264 1
1814 1
2015 0
281 0
118 1
287 1
479 0
1419 1
1633 1
1391 1
183 1
80 0
494 0
1085 1
458 1
419 0
905 0
1004 0
870 0
1803 1
728 0
1585 1
760 1
1476 1
711 0
1267 1
2005 0
1243 0
1331 1
1549 0
434 0
893 1
2066 0
1077 0
1444 0
536 0
448 1
1447 1
2128 1
191 1
923 1
89 0
435 0
17 1
1967 0
1056 0
338 1
1394 1
1850 1
985 0
954 1
560 1
1016 0
1240 1
1360 0
1134 0
1175 1
883 0
1424 0
179 1
1587 0
559 0
169 0
795 1
529 1
840 1
2151 1
907 0
1535 1
2100 1
1102 1
1608 0
2098 0
2104 1
2085 0
1624 1
518 0
449 0
2159 1
1711 0
1296 1
2067 0
947 0
482 0
1214 1
396 1
956 0
1758 1
532 0
1760 1
2040 0
552 1
920 0
518 0
1613 0
1598 0
1350 0
2033 0
454 1
875 0
571 0
206 1
1505 1
878 0
85 0
1364 1
795 0
1588 1
1897 0
1550 1
1153 1
1000 1
1619 0
170 0
352 1
1969 0
1312 1
1100 1
1517 1
394 0
1598 1
1363 0
189 0
1090 0
2001 1
1930 0
653 0
741 1
2023 0
350 0
1170 0
529 0
92 0
174 0
1441 1
1673 1
614 1
397 1
2095 0
964 1
185 0
1457 1
936 0
470 1
1803 0
646 1
2043 0
1996 1
1408 0
1426 0
444 0
2140 1
1901 0
426 0
903 1
2049 1
800 0
675 0
1595 1
1282 0
1830 0
1601 1
1395 0
731 1
1938 0
1610 1
1366 0
985 1
852 1
979 1
295 1
1066 1
1430 0
8 0
604 0
1841 1
1008 0
719 0
835 1
1981 1
996 1
1109 0
231 1
346 0
1625 1
238 1
734 1
1902 0
1748 1
1801 1
1205 0
1276 0
1841 0
1000 1
2010 1
155 0
1333 0
1299 0
1480 1
1942 0
526 0
1277 0
645 1
196 1
1697 0
1068 0
1606 1
1634 1
2050 0
1629 1
103 0
1483 0
1430 0
1325 1
799 1
1086 1
275 0
0 1
210 1
1943 0
1877 1
483 0
597 1
1523 1
1865 1
1213 0
405 1
463 1
70 1
1089 0
758 0
824 0
662 0
5 1
1671 1
164 0
1744 1
1270 1
2012 1
1535 0
1321 1
824 0
1297 1
542 0
1340 0
1721 0
77 0
1350 0
1825 1
1086 0
315 1
2125 1
1683 0
179 1
610 0
110 1
575 0
767 0
1821 0
360 0
787 0
332 1
730 1
55 1
27 1
1930 0
119 1
697 1
2052 0
788 1
735 0
857 0
52 1
136 1
1424 0
1582 1
552 1
1267 1
463 0
316 1
2116 0
1041 1
1897 0
1528 1
2021 0
392 0
1171 1
191 1
2097 1
1525 1
1986 0
1551 1
949 1
1213 0
1115 0
1123 1
644 1
1396 0
739 0
1770 0
494 1
1056 0
1111 1
825 0
1773 0
1141 1
1020 1
1859 1
904 1
1962 1
558 1
2126 0
804 0
842 0
300 0
712 0
437 1
1810 1
850 1
93 1
2009 1
329 1
1500 1
658 1
652 1
1266 1
1529 0
1724 0
1939 1
603 0
261 0
1225 0
2068 0
680 0
492 0
1149 0
931 0
1559 1
380 0
1349 1
222 1
733 0
427 1
430 1
2033 0
1103 0
1900 0
1373 0
418 1
2025 0
1757 1
1536 0
573 1
1921 0
1972 1
1331 1
232 1
1012 1
36 0
1290 0
1343 1
1246 0
619 0
781 0
711 1
1950 1
2054 0
1614 1
1526 0
1070 1
1634 1
1628 1
1689 1
462 0
756 0
506 0
2115 0
1145 1
1649 0
7 0
452 0
1397 1
1382 1
1184 0
1271 1
1631 0
168 0
768 1
321 1
1307 1
84 0
2014 1
1167 0
1543 1
814 0
1597 0
272 0
312 1
445 1
612 1
382 0
275 1
1885 0
1663 0
2104 0
108 0
610 1
1692 1
1899 0
153 1
283 1
446 0
1995 0
326 0
916 0
244 0
2021 0
1553 0
1297 0
1458 1
343 0
1175 1
1625 0
1150 1
1949 0
1005 0
2127 1
587 1
21 1
712 0
377 1
64 1
75 1
1348 1
1997 1
1400 0
485 0
718 0
1966 0
2106 0
703 0
1717 0
1370 1
339 1
2118 1
1060 1
1982 1
1910 0
1296 1
1137 0
1935 1
978 1
1634 1
1865 0
762 0
187 0
1688 1
368 1
348 1
758 0
471 0
692 0
1490 0
328 1
989 1
1962 0
2017 0
2022 1
942 1
1702 1
998 0
1254 1
1224 0
382 1
806 1
1620 1
871 1
895 0
142 0
749 1
977 0
1070 1
643 1
1574 0
202 0
743 0
353 1
1157 0
215 1
744 1
1799 1
389 1
278 1
1189 1
848 0
157 0
116 0
2085 1
931 1
905 1
1789 0
67 1
1556 1
174 0
2142 0
1933 0
1887 1
2114 0
1325 0
335 1
2066 0
1601 1
702 0
2063 1
2035 0
47 1
1127 0
2002 0
877 0
172 1
1940 0
357 1
1718 1
978 1
523 1
2004 1
1684 1
1727 1
536 1
1069 0
2066 0
1969 0
1184 1
1309 1
606 1
484 1
1841 1
1552 0
1269 0
1605 0
1288 0
308 0
1156 0
1657 0
2073 1
1598 0
360 0
1942 0
305 1
698 0
1646 1
1368 1
926 0
734 1
515 0
1307 1
1780 1
1191 0
1292 0
1423 0
1985 0
2138 1
846 1
38 0
1233 1
1747 1
1765 0
614 0
1449 0
1096 1
1528 0
1885 1
327 1
270 1
1651 0
1671 1
440 0
1425 0
474 1
2137 1
1848 0
1959 1
36 1
1681 0
1044 1
2133 0
36 0
1106 1
1314 1
1368 0
905 1
1339 0
103 0
2108 0
1486 0
1512 1
30 0
447 0
1002 0
230 1
559 1
1638 1
2136 0
138 0
1540 1
2069 0
1998 0
1618 0
524 1
1146 1
1145 1
1066 0
452 1
370 0
1511 1
1935 0
816 1
1609 1
1979 0
1270 0
2118 1
29 1
803 1
60 1
802 1
19 1
1876 1
1351 1
17 0
32 0
835 1
370 0
1777 0
2080 0
1277 0
724 1
1326 0
1897 1
1679 0
1458 0
1518 1
399 1
1774 0
1735 0
1429 1
809 1
183 1
738 1
441 0
650 0
1318 0
2134 1
70 1
8 1
1522 0
514 0
1225 1
775 0
1103 0
1555 1
1624 0
725 1
409 0
1612 0
2160 1
591 1
1391 1
1276 1
805 0
1154 1
1044 1
1094 1
652 1
642 0
2015 0
1409 0
1811 1
749 1
1819 1
1194 1
1062 0
296 0
1735 1
764 0
627 1
2039 0
1022 0
174 1
1902 0
1912 0
1246 1
379 1
77 0
1592 0
1245 1
1898 0
268 0
291 0
2022 1
1920 0
25 1
40 1
1807 0
184 0
1872 1
146 0
701 1
689 0
1694 1
1678 0
285 1
1583 0
1649 1
227 0
908 1
215 0
2085 1
1676 0
335 1
358 1
2024 1
1334 0
1795 0
1913 0
87 1
2160 1
2093 1
1214 0
2061 1
949 0
1962 1
257 0
1665 0
1347 1
95 1
1631 1
1800 0
1030 1
1624 1
1437 0
726 0
1244 1
964 0
1913 0
1017 1
2106 0
1871 1
1134 0
557 1
573 0
133 1
899 0
1351 0
433 0
1437 1
116 0
29 1
764 1
1146 0
1078 0
43 1
675 1
99 1
63 1
167 1
883 1
555 1
1107 1
94 1
8 1
57 0
1479 0
1163 1
200 0
1328 1
1928 1
1573 0
1959 1
446 1
1395 0
1457 1
2139 0
864 1
1469 1
475 0
481 0
1260 0
1124 1
65 0
1230 0
1093 0
868 0
567 1
1926 1
705 0
458 0
1858 1
680 1
901 1
2027 0
296 0
598 1
1390 0
373 1
381 0
2000 0
2137 0
1092 1
2039 1
25 0
1515 0
29 0
1634 0
263 1
1425 1
1749 0
812 1
1518 0
1591 1
665 1
1497 1
1581 0
164 1
1895 0
591 1
2135 0
324 0
1274 1
1210 0
1561 1
419 1
1609 0
743 0
1210 1
1728 1
1080 0
1724 0
1461 0
1543 0
2021 0
6 0
1840 1
1596 0
659 0
681 1
295 1
1878 0
249 0
1754 1
921 1
1584 0
43 0
1559 0
1712 0
2048 1
926 0
1940 1
1844 0
836 0
1263 1
895 0
1056 1
1599 1
1452 0
44 0
1730 0
1119 1
553 1
2024 0
1511 0
1425 0
1411 0
1969 0
140 1
1755 0
647 1
1708 0
2021 0
0 0
1394 0
109 1
136 0
30 1
658 0
305 0
1281 0
522 0
515 0
118 1
742 0
1273 0
1842 0
1160 1
1396 1
1728 1
908 0
533 0
408 0
1108 0
1614 0
1321 0
2134 1
1065 0
1438 1
1474 1
1636 1
1502 0
327 0
2164 1
1135 0
583 1
1768 0
341 1
1372 1
105 0
2166 1
449 1
255 1
1480 0
1660 0
1293 1
1566 0
1779 1
201 0
479 1
1389 1
1621 0
1168 1
964 1
1315 1
2141 0
664 1
727 1
2059 1
1278 0
1670 1
624 1
1962 1
1847 1
109 1
793 0
79 1
907 1
1860 1
1570 0
1365 0
728 1
423 1
1285 1
866 1
1052 0
1811 0
457 1
1594 1
234 1
477 1
99 0
1963 1
1888 1
802 1
1007 0
1018 1
99 1
728 1
1586 1
1700 1
1824 0
2115 0
738 0
1957 0
652 1
1360 1
1588 1
1083 1
1444 0
2068 1
340 0
211 1
229 0
932 1
1895 1
1689 0
1276 0
398 0
1891 0
131 1
686 1
414 1
636 0
1382 1
1127 0
961 1
2167 1
1047 0
974 1
196 1
571 1
1010 1
2087 1
13 0
1010 0
917 1
1095 1
1903 1
931 0
837 0
786 0
313 1
914 1
2030 1
1335 1
991 1
1901 1
1118 1
1297 1
671 0
809 1
1698 0
631 1
420 1
386 1
774 1
548 0
1869 1
1981 1
576 0
1150 0
718 1
2056 1
533 0
1259 0
2084 1
599 1
2146 0
1798 1
1604 1
1535 1
1843 0
1469 0
699 1
2046 1
1174 1
1037 0
559 0
121 0
728 0
252 1
1180 0
268 0
1725 0
365 0
2159 1
532 1
939 1
326 0
45 0
1951 1
815 1
316 0
996 1
922 0
1861 1
1260 1
520 1
1000 1
1948 0
1483 0
1382 0
1713 0
1422 1
1605 0
411 0
1743 1
1923 1
1769 1
716 0
73 0
1214 0
2099 0
1327 0
1620 1
1725 0
1288 0
623 0
380 0
397 0
764 0
1043 0
1551 1
450 1
286 1
2071 1
2153 1
1323 0
1481 1
313 0
239 0
2130 0
1860 0
1812 1
743 0
63 1
1514 1
1583 1
1837 1
1781 1
1842 0
2150 1
191 1
2162 1
1135 0
806 0
1321 0
1667 0
1136 0
140 0
1673 0
44 1
368 1
982 1
747 0
99 0
221 1
344 0
29 0
317 0
2140 1
1783 0
1667 0
1038 0
882 0
1072 0
810 0
612 0
1053 1
56 0
1792 0
1132 1
1104 1
1493 1
1842 1
651 0
257 1
2155 0
1555 1
5 1
1901 0
1471 1
2075 1
2032 0
1824 0
1694 0
252 1
1825 1
2137 0
861 1
2078 0
396 1
1252 1
1890 0
1979 1
2031 1
1878 0
233 0
1059 0
455 0
876 0
215 0
392 0
1120 1
2010 0
833 0
33 1
128 1
1063 1
292 0
795 0
524 1
775 1
1142 1
1570 1
417 1
1918 1
1003 1
1971 0
875 0
811 0
656 0
1124 0
1728 0
2001 1
1714 0
257 1
1637 0
414 1
1486 0
1800 0
1558 1
1712 0
1298 1
2125 1
1585 1
146 1
2082 0
1718 1
1331 1
1074 1
955 0
487 0
529 0
1910 1
298 0
1253 0
151 0
737 0
1260 1
1238 0
1323 0
185 1
1335 1
575 0
1977 1
803 1
1255 1
252 0
1840 1
1500 1
777 0
362 0
2067 1
913 1
1466 0
1431 0
1831 0
1463 0
2167 1
887 0
787 0
291 1
1878 0
1280 0
954 0
2058 1
419 1
1142 0
1082 1
1040 1
411 0
1623 1
1183 1
204 1
627 0
135 1
1168 1
882 0
881 1
1059 1
1856 1
1710 1
896 1
1537 0
28 0
855 1
255 1
182 1
1922 1
209 1
554 1
358 0
2064 0
552 0
399 0
1270 0
1744 0
1626 1
2065 0
140 1
1602 0
1085 1
519 1
1316 0
1825 1
500 0
453 0
1108 0
1163 1
102 1
208 0
1408 0
2132 1
1718 1
1701 0
678 0
843 0
1650 1
1714 1
1962 1
195 0
1055 0
978 1
2041 1
793 0
210 0
1180 0
2001 0
20 0
1808 0
1516 0
1551 0
1871 1
1135 1
1176 0
1991 1
1703 0
385 0
147 0
646 1
371 1
470 0
196 0
410 0
14 1
874 0
1559 1
1999 0
1574 1
1402 1
1385 0
779 0
1160 1
1139 1
1583 1
634 0
656 0
818 1
1775 1
545 0
1436 1
2131 0
1572 1
1254 1
105 0
1189 1
125 0
1334 1
1859 0
316 1
1502 0
1845 1
1328 0
1236 1
1061 1
1464 1
909 0
1284 0
1741 1
1101 0
894 1
127 0
309 1
1929 0
1738 0
1204 0
1593 0
2047 1
76 1
814 1
614 0
2095 0
985 1
1075 0
530 1
1779 1
312 1
1313 0
1328 1
778 1
1956 1
2083 1
2103 0
1529 0
778 0
1199 0
2131 1
1044 1
905 1
1762 0
2145 1
9 1
1980 0
1137 0
1262 0
1635 1
1313 0
2041 1
768 0
546 1
2052 1
2055 0
1643 1
1129 0
940 0
1472 0
820 0
1261 0
1620 0
1889 1
1256 0
772 1
377 1
247 0
476 0
1658 1
2090 0
839 0
694 0
69 0
122 0
510 0
42 1
1881 0
886 0
1744 1
1405 0
419 0
1141 0
1700 0
2052 1
1945 0
466 0
422 0
1556 0
1072 1
11 0
1306 1
1019 1
1052 0
1676 1
815 0
1397 1
890 0
1716 0
88 0
2007 1
1064 0
934 0
276 0
902 0
2130 0
1775 0
718 1
1679 1
638 1
1662 1
1749 1
2024 0
1688 1
654 0
564 1
1229 1
1806 0
1317 1
17 1
1043 1
1788 0
823 0
913 0
207 0
1600 1
578 0
330 1
1766 1
486 1
91 0
527 1
2046 0
843 0
1679 1
790 0
2147 1
357 1
714 0
1508 1
1418 1
16 0
74 1
854 0
2144 0
642 1
1236 0
545 0
795 0
1928 0
1316 0
1858 0
1838 0
1013 1
761 0
437 1
1424 0
328 1
149 0
25 0
1765 0
1886 0
1344 0
2042 1
1466 1
531 0
509 0
1133 1
349 1
301 1
1154 0
1950 0
1610 0
144 1
756 0
708 1
2053 1
353 0
959 0
1674 1
1885 0
1998 0
857 0
167 1
2079 1
1891 0
1943 1
854 1
1966 1
2046 0
1765 0
1326 0
1601 0
955 0
2137 0
970 0
924 0
1600 0
1744 1
992 0
44 0
857 0
1831 1
174 1
1398 1
1196 0
1690 0
1839 0
1768 1
1317 0
615 1
89 0
533 1
242 1
2139 1
2113 1
1060 0
647 1
330 1
844 0
2121 1
201 0
578 0
1663 0
1618 0
454 0
1168 1
87 0
1210 1
1370 1
505 1
1585 1
72 0
923 0
265 0
1858 0
1360 0
1925 1
1326 1
431 0
951 1
750 0
996 0
1957 1
618 1
1922 1
1770 0
2009 0
1847 1
1519 0
1747 0
1759 1
1801 0
1465 1
180 0
1662 0
575 0
237 0
1716 1
90 1
1454 1
1201 0
918 0
95 0
361 1
2058 1
1240 1
860 0
1998 0
1676 0
886 0
1732 1
1387 1
1940 0
614 1
462 0
1356 1
720 0
461 1
125 0
1462 0
596 1
1048 0
2103 0
543 0
1046 1
1939 0
1418 1
1354 1
178 1
1180 0
745 1
534 1
589 1
392 1
266 1
839 1
149 1
1931 1
234 1
818 0
575 1
436 1
2142 1
1996 0
1391 1
2117 0
547 1
51 1
594 1
414 1
726 1
1067 1
606 0
570 0
300 0
329 0
183 0
1103 0
2098 0
1810 1
1803 0
1978 0
597 0
763 1
134 1
1991 0
178 1
1754 0
1542 0
1244 1
14 0
1803 0
2063 1
1406 1
805 0
1019 0
2007 1
1473 1
1102 0
1543 0
50 0
1116 0
261 1
1364 0
685 1
1753 0
1950 1
8 0
1310 0
1080 0
1752 1
1695 1
1234 1
484 1
2142 0
1054 1
684 1
755 0
2103 1
98 0
876 0
1970 1
758 1
1544 1
1308 1
1517 0
1825 0
806 0
1516 0
2139 0
814 1
32 0
670 0
1318 0
1744 0
1347 1
329 1
958 1
1461 0
812 1
818 1
630 0
690 0
904 1
693 1
804 1
1836 1
669 1
567 1
797 0
1385 1
407 1
1374 0
605 0
1300 1
1379 0
639 1
1226 0
2075 1
1198 0
1998 0
689 1
1570 0
278 1
192 1
94 0
1056 1
414 0
1179 1
1495 1
145 1
1381 1
1387 1
1105 0
594 1
1271 0
885 1
120 0
624 1
1809 0
1607 0
2059 0
975 0
913 1
1822 0
245 1
1222 0
1763 1
1166 1
299 1
617 0
187 1
84 0
100 1
1860 1
1465 1
966 1
267 0
1510 0
1031 1
2153 1
1973 0
1178 1
195 0
305 0
1953 0
863 1
1907 0
1915 1
978 0
2024 0
2099 1
