1112
896 1
786 0
283 1
397 0
595 0
340 1
636 0
621 1
932 0
818 0
944 1
783 1
319 0
111 0
701 0
152 1
618 1
170 1
1009 1
891 1
665 0
374 0
983 0
1007 0
626 0
689 1
206 1
560 0
818 0
551 1
1018 0
708 0
933 0
679 1
704 0
791 0
393 0
740 0
1100 0
694 0
10 0
989 1
493 1
1070 0
1030 1
973 1
495 1
717 1
1081 0
953 1
1008 0
599 0
353 1
0 1
827 1
618 0
771 0
38 0
566 1
1034 0
171 0
1015 0
382 0
988 0
111 1
153 0
233 1
1029 1
667 0
449 0
874 0
267 1
533 1
1060 1
400 0
898 1
1050 0
511 0
215 0
632 1
846 0
630 0
235 0
264 0
263 1
496 0
435 1
1034 0
1001 0
768 1
107 0
712 1
58 1
308 1
488 1
961 1
638 0
745 1
23 0
681 0
819 0
731 1
933 0
573 1
1013 0
897 0
271 0
931 0
363 0
390 0
571 1
535 0
1055 0
608 0
460 1
1095 1
177 0
676 1
72 0
718 0
811 0
559 0
829 1
723 1
749 1
341 0
1055 1
363 0
522 0
381 0
258 1
522 1
815 0
914 1
1029 1
325 0
659 1
10 1
660 1
633 1
128 0
186 0
804 0
36 0
270 0
311 1
698 1
946 1
384 0
510 0
707 0
160 0
587 0
91 0
956 0
524 0
533 1
516 0
2 0
594 1
715 1
734 1
731 0
1063 1
617 0
358 0
642 1
9 0
1109 1
217 0
101 1
204 0
931 0
547 0
746 1
413 1
97 1
651 1
341 0
898 1
676 1
180 0
754 0
1103 0
0 1
484 1
640 1
793 0
394 1
504 1
387 0
782 1
721 1
469 0
384 0
522 1
208 1
647 0
412 1
938 1
492 0
92 0
540 0
612 1
411 1
434 1
517 0
188 1
434 0
132 0
1076 0
1055 1
325 1
63 0
1071 0
203 1
657 0
1106 0
273 0
372 1
21 0
233 1
832 1
623 1
428 0
120 1
186 0
873 1
1075 0
205 1
123 1
472 1
824 0
141 1
279 0
345 1
512 0
533 0
629 1
1007 1
959 1
273 0
849 0
641 0
811 0
144 0
32 1
11 0
344 1
381 1
63 0
235 1
876 0
390 0
139 1
29 1
948 1
464 0
177 0
774 0
44 1
776 1
895 0
1004 0
889 1
779 0
424 0
259 1
938 1
717 1
978 0
776 1
897 1
172 1
211 0
392 0
686 0
445 0
950 1
577 1
596 0
941 1
410 0
991 0
480 1
521 0
483 0
1072 0
785 0
782 1
318 1
352 0
457 0
344 1
399 0
860 0
624 1
917 1
389 0
833 1
312 1
554 1
212 1
1037 0
745 1
764 1
10 1
1004 1
494 1
808 0
610 1
596 0
277 1
610 0
914 0
1009 0
170 0
825 0
607 0
448 1
218 0
944 0
39 0
966 0
60 1
941 1
1029 0
425 1
155 0
525 1
632 1
405 1
820 0
628 1
220 0
760 0
629 1
17 0
77 1
206 0
315 1
55 1
1074 1
900 1
754 0
412 0
1047 1
447 1
296 1
125 0
905 1
613 0
841 1
215 1
541 1
66 0
1083 0
431 0
176 0
692 1
787 0
945 1
383 1
1110 1
917 1
476 1
168 1
383 1
503 0
955 0
238 0
684 1
717 0
900 0
535 0
489 1
1021 1
228 0
561 0
803 1
379 1
335 1
688 1
135 0
5 1
404 0
736 0
115 1
24 1
862 0
848 1
283 0
304 1
155 1
708 0
428 1
947 0
888 0
913 0
1004 1
293 0
682 1
348 0
23 1
476 0
389 1
658 0
1018 1
197 1
456 0
128 1
203 0
36 0
606 1
147 0
1086 0
358 0
629 1
304 1
1016 0
177 0
770 1
301 1
383 1
354 1
410 0
749 0
7 1
830 0
633 1
407 1
133 0
321 0
606 1
270 1
991 0
928 1
252 0
513 0
897 1
1049 1
937 1
652 0
816 0
465 0
290 0
1100 0
66 0
452 1
315 1
622 1
531 1
840 1
995 1
23 1
872 0
593 0
605 0
404 1
1095 1
325 0
495 0
258 0
972 1
9 0
718 0
646 1
644 1
1073 1
295 1
670 0
693 1
355 1
799 1
453 1
131 1
811 0
122 0
361 1
755 1
511 0
87 1
344 1
51 1
84 1
1009 0
118 1
719 0
662 0
910 0
135 1
732 1
962 0
523 0
1074 1
143 0
38 1
580 0
515 1
622 0
1071 0
328 1
423 1
126 1
98 1
362 1
1011 1
530 1
299 0
976 1
532 1
937 0
119 0
975 1
463 1
863 1
348 1
812 0
785 0
482 1
39 1
475 0
136 1
710 1
20 1
947 0
759 0
288 0
945 0
919 1
245 1
742 0
322 1
5 1
1061 1
907 1
789 1
882 1
934 1
1007 1
943 1
627 0
36 0
708 1
764 1
460 1
1067 0
161 1
546 1
28 1
858 0
330 1
485 0
94 1
413 1
309 1
931 0
568 0
649 0
846 1
24 1
191 1
539 0
18 1
522 0
744 1
281 1
414 1
934 1
167 0
486 1
456 1
288 1
802 1
1048 0
324 1
486 1
559 1
85 1
1072 0
332 1
817 1
24 0
311 0
560 1
294 1
712 0
417 1
679 1
530 0
64 0
464 1
525 1
996 1
695 0
1083 1
7 0
815 1
577 1
1014 0
612 1
937 0
883 1
542 0
198 0
295 1
514 1
1057 1
653 1
982 1
835 0
203 0
508 1
619 1
251 0
290 0
712 1
866 1
727 0
817 1
911 1
513 0
325 0
360 0
950 1
638 1
472 1
1001 1
385 1
587 1
806 0
603 1
478 0
296 1
1045 1
666 0
810 1
705 0
993 1
427 1
865 1
938 1
686 0
1044 0
1064 1
970 1
803 1
529 1
518 0
404 1
716 1
423 0
765 0
630 1
478 0
244 1
301 1
604 0
238 1
508 1
1009 1
789 0
417 0
549 0
822 1
4 0
364 0
466 1
314 0
392 0
348 0
138 0
1026 0
124 1
246 0
66 0
506 1
814 0
528 1
1093 1
216 0
1010 0
789 1
946 1
1104 1
1031 0
636 0
430 0
160 0
768 0
488 0
1052 0
173 0
843 1
424 0
747 1
611 0
333 1
840 1
264 1
775 0
491 1
269 0
502 1
1056 0
450 1
724 0
524 1
792 1
367 0
362 1
807 0
903 1
598 1
236 0
66 0
248 0
685 1
1071 0
892 0
184 1
105 1
776 1
793 0
1086 0
575 0
420 0
735 0
36 1
636 1
153 0
794 0
298 1
700 0
1066 1
887 0
323 1
29 1
910 0
596 0
156 1
28 1
25 1
557 0
99 1
94 0
391 0
1103 1
317 0
56 1
231 0
536 1
46 0
479 1
781 0
1004 1
212 1
503 1
94 1
344 0
459 0
79 0
511 0
721 0
537 1
466 1
893 1
1005 0
11 1
630 1
373 0
657 1
821 0
1015 1
60 0
696 1
668 0
452 0
984 1
289 0
463 0
376 1
268 0
736 1
280 0
74 0
303 0
267 0
775 1
1077 0
572 1
278 0
151 1
679 1
1106 0
206 1
165 1
532 1
69 0
256 0
39 1
67 1
505 1
1106 1
618 1
175 0
125 0
664 0
786 0
559 1
749 0
816 1
341 0
630 1
710 0
790 0
336 0
170 0
661 1
1071 1
831 0
175 0
344 1
1096 0
247 0
12 0
186 0
743 1
623 1
396 0
849 0
456 0
129 1
141 1
795 0
1041 0
173 0
652 0
123 0
534 1
46 1
1006 0
360 1
108 0
473 1
128 0
909 0
416 1
252 0
318 1
65 1
224 1
140 0
535 0
608 1
336 0
261 0
814 0
207 0
798 0
493 0
1073 0
659 1
653 1
736 0
981 1
369 1
180 1
500 1
646 1
30 0
136 1
246 1
891 1
335 1
669 1
722 0
79 1
914 0
768 0
110 1
400 1
1050 0
118 0
1094 1
907 0
285 0
437 0
16 0
13 1
201 0
393 0
1088 0
707 1
729 1
479 0
1012 0
337 1
1020 1
861 0
945 0
733 0
38 1
1031 0
499 0
212 1
1100 0
403 0
984 1
547 0
859 0
340 0
964 0
1103 0
480 0
121 0
1101 1
917 0
1096 0
271 0
623 0
729 0
592 1
1073 1
209 1
897 1
885 0
158 1
1069 1
962 1
644 1
131 0
266 1
1001 1
243 0
675 0
573 0
539 0
277 0
757 1
515 1
645 0
257 0
78 1
304 1
899 0
58 1
481 0
433 0
675 0
807 1
621 0
1052 0
690 1
1084 0
407 1
966 0
429 1
806 0
466 1
507 0
297 1
178 1
237 0
1001 0
186 1
653 1
109 1
372 1
343 1
772 1
773 0
218 0
579 0
1060 0
988 1
616 1
1036 1
682 0
791 0
554 0
807 1
419 0
1041 1
854 0
856 1
125 1
1073 0
720 1
246 1
843 1
155 1
758 1
764 1
636 0
917 0
140 1
456 0
980 1
747 1
585 0
335 0
327 1
1018 0
479 1
654 0
612 0
16 0
549 1
906 1
479 1
649 1
816 1
31 0
1037 1
818 0
1053 0
699 0
1091 0
825 0
79 1
427 0
126 1
674 1
198 1
60 1
3 1
434 1
989 0
1059 0
847 0
614 0
954 1
85 0
656 0
188 0
577 0
238 1
545 0
40 1
472 1
204 0
1065 1
1056 1
603 1
533 1
787 1
80 1
472 0
979 0
238 1
13 1
932 0
310 0
990 0
797 0
1059 0
50 1
111 0
155 1
1019 0
859 1
392 1
1111 0
608 1
119 0
997 0
971 0
32 0
251 0
115 0
646 0
935 0
332 0
23 0
492 0
99 0
823 0
135 0
635 0
505 1
985 0
534 1
582 1
293 0
334 1
138 0
205 1
173 0
1004 1
961 1
122 1
1037 0
888 1
454 0
4 1
443 0
239 0
816 0
783 0
492 0
614 1
658 0
56 0
364 1
393 1
963 0
277 1
552 0
646 1
311 1
82 1
